Gene1	Gene2	EdgeWeight
g1	g6	48
g4	g7	47
g8	g2	46
g2	g2	45
g6	g3	44
g7	g6	43
g3	g2	42
g1	g2	41
g1	g1	40
g3	g4	39
g7	g4	38
g6	g7	37
g2	g3	36
g6	g2	35
g8	g6	34
g4	g1	33
g7	g2	32
g8	g3	31
g7	g3	30
g2	g6	29
g4	g3	28
g8	g7	27
g6	g1	26
g8	g1	25
g2	g1	24
g2	g7	23
g3	g3	22
g3	g1	21
g1	g7	20
g7	g1	19
g1	g3	18
g4	g6	17
g4	g2	16
g3	g6	15
g4	g4	14
g6	g6	13
g6	g4	12
g3	g8	11
g3	g7	10
g4	g8	9
g6	g8	8
g2	g4	7
g2	g8	6
g7	g8	5
g7	g7	4
g8	g8	3
g1	g8	2
g8	g4	1
g1	g4	0
